#Fichero de configuración
#Tue Aug 06 13:13:18 CEST 2024
AdrianCB27=2024-08-02T10\:45\:09.275035300
AlexGB=2024-08-06T13\:13\:18.577186800
GabsOP=2024-08-03T13\:49\:16.722483700
